$ 1 5.0E-6 16.13108636308289 50 5.0 50
v 128 384 128 112 0 0 40.0 5.0 0.0 0.0 0.5
S 288 192 288 112 0 0 false 0
w 128 112 272 112 0
w 304 112 432 112 0
w 432 112 432 384 0
c 288 192 288 304 0 1.9999999999999996E-4 4.99999999999219
r 288 304 288 384 0 100.0
w 128 384 288 384 0
w 288 384 432 384 0
x 249 257 266 263 0 24 C
x 250 347 267 353 0 24 R
x 483 135 871 141 0 24 Try moving the switch to charge
x 487 164 825 170 0 24 and discharge the capacitor.
x 162 98 247 104 0 24 Charge
x 310 99 428 105 0 24 Discharge
o 5 128 0 33 2.5 9.765625E-5 0 -1
h 2 6 5
