$ 1 5.0E-6 8.281975887399955 50 5.0 50
w 384 336 336 336 0
w 336 336 288 336 0
v 128 336 128 128 0 0 40.0 5.0 0.0 0.0 0.5
w 288 128 336 128 0
w 336 128 384 128 0
x 414 147 886 153 0 24 These lamps are said to be in "parallel".
x 415 174 786 180 0 24 They start from the same point
x 418 201 758 207 0 24 and finish in the same point.
x 438 257 776 263 0 24 They have the same voltage
x 436 281 715 287 0 24 difference across them.
s 288 128 288 192 0 0 false
162 288 192 288 272 1 2.1024259 1.0 0.0 0.0
162 336 192 336 272 1 2.1024259 1.0 0.0 0.0
162 384 192 384 272 1 2.1024259 1.0 0.0 0.0
s 384 128 384 192 0 0 false
s 336 128 336 192 0 0 false
w 128 128 288 128 2
w 288 272 288 336 2
w 336 272 336 336 2
w 384 272 384 336 2
r 288 336 128 336 0 100.0
x 439 323 662 329 0 24 If you "break" one,
x 437 350 733 356 0 24 the others keep working.
x 438 375 697 381 0 24 Try opening a switch!
130 751 300 427 386 0
130 783 231 426 291 0
