$ 1 5.0E-6 8.281975887399955 50 5.0 50
v 272 256 272 48 0 0 40.0 12.0 0.0 0.0 0.5
x 233 314 689 320 0 24 These lamps are said to be in "series".
x 234 341 634 347 0 24 They form an uninterrupted path,
x 237 368 476 374 0 24 without any branch.
x 206 439 449 445 0 24 They have the same
x 204 463 451 469 0 24 current across them.
x 544 421 767 427 0 24 If you "break" one,
x 542 448 844 454 0 24 the others STOP working.
x 543 473 802 479 0 24 Try opening a switch!
130 851 398 527 484 0
130 509 412 152 472 0
s 272 48 336 48 0 0 false
w 336 48 352 48 1
162 352 48 416 48 1 2.1024259 1.0 0.0 0.0
162 640 48 704 48 1 2.1024259 1.0 0.0 0.0
w 624 48 640 48 1
s 560 48 624 48 0 0 false
162 496 48 560 48 1 2.1024259 1.0 0.0 0.0
w 480 48 496 48 1
s 416 48 480 48 0 0 false
w 704 48 704 256 0
r 704 256 272 256 0 330.0
