$ 1 5.0E-6 8.281975887399955 50 5.0 50
w 624 112 704 112 0
w 704 112 784 112 0
w 784 112 864 112 0
r 624 112 624 240 0 330.0
r 704 112 704 240 0 1020.0
r 784 112 784 240 0 1020.0
r 864 112 864 240 0 320.0
c 624 240 704 240 0 1.8E-5 -0.5384682238471428
c 784 240 864 240 0 1.8E-5 -3.7567517628140847
w 864 240 864 304 0
t 784 320 864 320 0 1 -3.8521129111450145 0.5652804130737019 100.0
w 704 240 784 320 0
w 784 240 704 320 0
t 704 320 624 320 0 1 0.6338293721780726 0.6606415614046316 100.0
w 624 240 624 304 0
v 560 352 560 112 0 0 40.0 5.0 0.0 0.0 0.5
g 560 352 560 368 0
w 560 352 624 352 0
w 624 352 864 352 0
w 864 352 864 336 0
w 624 352 624 336 0
w 560 112 624 112 0
x 162 131 471 137 0 24 This is a "voltage source".
x 141 160 471 166 0 24 It provides a steady voltage
x 357 189 474 195 0 24 of 5 volts.
x 163 226 474 232 0 24 We use voltage sources to
x 203 252 478 258 0 24 power a circuit. In fact,
130 474 278 181 377 0
x 210 307 447 313 0 24 A voltage difference
x 219 338 447 344 0 24 "pushes" electrons.
129 490 135 538 215 0 10
x 542 69 581 75 0 24 5 V
129 560 80 560 96 0 10
129 560 407 560 391 0 10
x 543 437 582 443 0 24 0 V
