$ 1 0.000005 4.621633621589249 53 5 50 5e-11
x 356 72 666 75 4 24 Automatic\sStreet\sLight\sCircuit
x 357 98 728 101 4 15 https://www.circuits-diy.com/automatic-street-light-circuit/
w 352 192 432 192 0
w 432 192 544 192 0
w 544 192 624 192 0
w 624 192 624 224 0
w 624 288 624 336 0
t 592 352 624 352 0 1 -8.850798390954132 0.14920160804675273 100 default
w 624 368 624 464 0
r 592 352 432 352 0 1000
r 432 192 432 352 0 1000
w 432 352 432 384 0
t 352 400 432 400 0 1 0.5029230043201516 0.6521246037366473 100 default
w 432 416 432 464 0
w 432 464 624 464 0
w 352 192 352 256 0
374 352 256 352 400 0 0.38620000000000004 Light\sBrightness
174 352 400 320 448 1 100000 0.3416 Resistance
w 352 464 432 464 0
w 320 432 288 432 0
w 288 432 288 464 0
w 288 464 352 464 0
R 544 192 544 128 0 0 40 9 0 0 0.5
178 656 224 656 288 6 1 0.2 4.995577208566346e-11 0.05 1000000 0.02 20 0.015 0.005 0
w 656 224 656 192 0
w 656 192 768 192 0
w 672 288 672 320 0
w 672 320 704 320 0
181 704 320 752 320 0 312.04763959827284 100 120 0.4 0.4
w 768 192 768 224 0
w 752 320 768 320 0
w 768 320 768 272 0
v 768 224 768 272 0 1 40 5 0 0 0.5
g 624 464 624 512 0 0
