$ 1 0.000005 45.7144713268909 75 5 50 5e-11
t 288 272 336 272 0 1 -1.1812930365267291 0.08938331508618698 100 default
t 432 272 512 272 0 -1 1.270010064708285 -0.2293236437659718 100 default
w 224 96 352 96 0
w 288 272 224 272 0
w 336 256 336 224 0
w 336 288 336 400 0
w 336 400 400 400 0
g 400 400 400 432 0 0
r 400 400 400 336 0 47
w 512 288 512 336 0
w 400 336 512 336 0
w 400 336 320 336 0
c 320 336 224 336 0 0.00001 -0.08871702356044393 0.001
w 224 336 224 272 0
w 224 272 224 96 0
r 352 96 432 96 0 100000
w 432 96 512 96 0
w 512 96 512 256 0
w 512 96 592 96 0
w 592 96 592 144 0
r 592 144 592 208 0 1000
w 592 208 592 336 0
w 512 336 544 336 0
w 592 336 576 336 0
w 592 336 592 384 0
162 592 384 592 432 2 default-led 1 0 0 0.01
w 592 96 656 96 0
w 656 96 656 224 0
R 656 224 656 288 0 0 40 1.5 0 0 0.5
r 336 224 336 128 0 1000
w 336 224 288 224 0
w 288 224 288 192 0
c 288 192 288 160 0 0.00001 -4.621112159597374e-9 0.001
w 288 160 288 128 0
w 288 128 336 128 0
w 336 128 432 128 0
w 432 128 432 272 0
g 592 432 592 464 0 0
c 544 336 576 336 0 0.00009999999999999999 -1.366411211755026 0.001
