$ 1 0.000015625 2.1831051418620846 54 5 50 5e-11
x 356 72 578 75 4 24 Dark\sDetector\sCircuit
x 357 98 723 101 4 15 https://www.circuits-diy.com/top-3-dark-detector-circuits/
w 352 144 464 144 0
w 464 144 592 144 0
w 592 144 720 144 0
r 464 144 464 224 0 330
r 592 144 592 304 0 1000
r 720 144 720 208 0 220
t 688 304 720 304 0 1 0.6447406934347393 0.673990747580762 100 default
t 560 336 592 336 0 1 -0.06928439535040953 0.6047063522303525 100 default
374 464 224 464 336 0 0.41590000000000005 Light\sBrightness
w 464 336 560 336 0
r 464 336 464 432 0 4700
w 352 144 352 256 0
w 352 320 352 432 0
w 352 432 464 432 0
w 464 432 592 432 0
w 592 432 720 432 0
w 720 320 720 432 0
w 720 288 720 272 0
w 720 208 720 224 0
w 592 352 592 432 0
v 352 320 352 256 0 0 40 9 0 0 0.5
w 592 304 592 320 0
w 592 304 688 304 0
r 720 224 720 272 0 1000
x 731 267 841 270 4 12 Replace\swith\sBuzzer
x 357 121 730 124 4 10 When\slight\sfalls\son\sLDR,\sQ1\sturns\sON,\skeeping\sQ2\sOFF\s\a\sthereby\sBuzzer\sis\sOFF
x 590 340 610 343 4 15 Q1
x 719 309 739 312 4 15 Q2
