$ 1 0.000015625 2.1831051418620846 59 5 50 5e-11
x 356 72 578 75 4 24 Dark\sDetector\sCircuit
x 357 98 723 101 4 15 https://www.circuits-diy.com/top-3-dark-detector-circuits/
w 384 160 464 160 0
w 464 160 592 160 0
r 464 160 464 240 0 330
t 432 368 464 368 0 1 -3.2479947808279044 0.5925111172713827 100 default
w 464 384 464 464 0
w 464 464 592 464 0
w 384 160 384 224 0
w 384 464 464 464 0
v 592 464 592 160 0 0 40 6 0 0 0.5
174 384 224 384 304 1 100000 0.9851000000000001 Resistance
w 400 272 432 272 0
w 432 272 432 320 0
w 432 320 384 320 0
r 464 240 464 352 0 2100
w 384 320 384 368 0
374 384 368 384 464 0 0.8713000000000001 Light\sBrightness
w 384 368 432 368 0
x 474 315 510 318 4 12 Buzzer
