$ 1 0.000005 4.252108200006279 42 5 50 5e-11
x 423 100 673 103 4 24 DC\sRelay\sSwitch\sDriver
x 424 126 798 129 4 15 https://www.circuits-diy.com/dc-relay-switch-driver-circuit/
w 656 160 656 192 0
w 656 192 608 192 0
w 656 192 688 192 0
w 608 192 608 240 0
w 688 192 688 224 0
w 608 288 608 336 0
w 608 336 688 336 0
w 688 336 688 304 0
178 720 304 720 224 6 1 0.2 -0.3505755123229857 0.05 1000000 0.02 20 0.015 0.005 1
w 688 336 688 368 0
t 656 384 688 384 0 1 -4.241368167158611 0.7471215834233742 100 default
w 688 400 688 480 0
w 656 384 560 384 0
r 560 384 560 480 0 1000
w 560 480 688 480 0
w 688 480 784 480 0
w 560 480 448 480 0
r 560 384 448 384 0 1000
d 608 288 608 240 2 default
g 688 480 688 544 0 0
v 448 480 448 384 0 0 40 5 0 0 0.5
w 656 160 784 160 0
v 784 480 784 160 0 0 40 12 0 0 0.5
