$ 1 0.000005 4.252108200006279 51 5 50 5e-11
x 222 76 615 79 4 24 Heat\sSensor\sCircuit\susing\sThermistor
x 224 98 758 101 4 15 https://www.circuits-diy.com/heat-sensor-circuit-using-thermistor-bc547-transistor/
w 336 176 560 176 0
w 336 176 336 224 0
w 336 336 336 416 0
w 336 416 528 416 0
t 528 416 560 416 0 1 -5.844621156817471 0.7901363484203466 100 default
w 560 400 560 336 0
w 560 432 560 464 0
g 560 464 560 512 0 0
174 336 416 336 528 1 1000 0.42080000000000006 Resistance
g 336 544 336 576 0 0
w 352 480 416 480 0
w 416 480 416 544 0
w 336 544 416 544 0
R 560 176 560 128 0 0 40 9 0 0 0.5
w 560 176 560 208 0
w 560 208 560 224 0
162 560 224 560 336 2 default-led 1 0 0 0.01
350 336 224 336 336 0 10000 3605 -40 150 0.8465 Temperature
