$ 1 0.000005 4.621633621589249 53 5 50 5e-11
x 356 72 478 75 4 24 LDR\sCircuit
x 357 98 746 101 4 15 https://www.build-electronic-circuits.com/ldr-circuit-diagram/
w 416 192 496 192 0
w 496 192 624 192 0
r 496 192 496 272 0 1000
t 416 400 496 400 0 1 0.5854738733498289 0.6351914942158138 100 default
w 496 416 496 496 0
w 496 496 624 496 0
w 416 192 416 256 0
374 416 256 416 400 0 0.9406000000000001 Light\sBrightness
174 416 400 384 448 1 100000 0.6089000000000001 Resistance
w 416 496 496 496 0
w 352 496 416 496 0
w 416 496 416 464 0
162 496 272 496 384 2 default-led 1 0 0 0.01
v 624 496 624 192 0 0 40 5 0 0 0.5
w 352 496 352 432 0
w 352 432 384 432 0
