$ 1 0.000005 4.252108200006279 51 5 50 5e-11
w 160 240 224 240 0
w 224 240 224 128 0
w 224 128 336 128 0
w 336 128 416 128 0
w 416 128 528 128 0
w 528 128 640 128 0
w 640 128 640 240 0
w 640 288 640 432 0
w 160 304 224 304 0
w 224 304 224 336 0
174 224 336 208 416 1 100000 0.5 Resistance
w 224 336 176 336 0
w 176 336 176 384 0
w 176 384 208 384 0
w 336 128 336 176 0
r 336 176 336 240 0 10000
w 336 240 336 256 0
w 416 128 416 160 0
w 416 208 416 240 0
t 368 256 416 256 0 1 -1.89566719454683 0.6897196796825649 100 default
w 416 272 416 432 0
t 304 336 336 336 0 1 -0.6897196401965829 3.94859819137554e-8 100 default
w 336 352 336 432 0
w 224 336 304 336 0
w 336 256 336 320 0
w 528 128 528 160 0
r 528 160 528 256 0 10000
162 528 256 528 320 2 default-led 1 0 0 0.01
162 528 320 528 432 2 default-led 1 0 0 0.01
w 224 432 336 432 0
w 336 432 416 432 0
w 416 432 528 432 0
w 528 432 640 432 0
v 640 288 640 240 0 0 40 4.5 0 0 0.5
162 416 160 416 208 2 default-led 1 0 0 0.01
s 160 240 160 304 0 1 false
w 336 256 368 256 0
x 361 163 505 166 4 15 Replace\sit\swith\sbuzzer
x 228 73 671 76 4 24 Simple\sSolar\sPlant\sWatering\sAlarm\sCircuit
x 224 98 676 101 4 15 https://www.circuits-diy.com/simple-solar-plant-watering-alarm-circuit/
