$ 1 0.000005 1.2182493960703473 54 5 50 5e-11
w 320 112 608 112 0
w 272 112 320 112 0
w 320 112 320 144 0
162 320 144 320 208 2 default-led 1 0 0 0.01
209 320 224 320 288 0 0.00009999999999999999 4.231107552942846 0.001 1
t 352 336 320 336 0 1 0.5692073992334848 0.6369475932581403 300 default
w 320 352 320 400 0
w 320 400 464 400 0
w 464 400 608 400 0
162 608 144 608 192 2 default-led 1 0 0 0.01
w 352 336 432 336 0
r 432 336 512 336 0 10000
w 512 336 608 336 0
w 608 192 608 336 0
r 608 336 608 400 0 4700
g 464 400 464 448 0 0
w 320 208 320 224 0
w 320 288 320 320 0
w 320 224 272 224 0
w 320 288 272 288 0
r 272 224 272 288 0 1000
R 272 112 224 112 0 0 40 6 0 0 0.5
w 608 144 608 112 0
