$ 1 0.000005 10.20027730826997 50 5 50 5e-11
t 352 272 400 272 0 1 0.6308450281883367 0.6313800082684622 100 default
t 496 320 544 320 0 1 -0.0005349800801255356 0.66019863830951 100 default
w 400 288 400 320 0
w 400 320 496 320 0
w 400 256 400 224 0
w 400 224 544 224 0
w 544 304 544 224 0
w 544 224 544 192 0
w 544 144 544 128 0
w 544 128 624 128 0
w 544 128 288 128 0
w 352 272 288 272 0
w 288 128 288 160 0
w 288 240 288 272 0
w 288 272 288 304 0
w 544 336 544 400 0
w 256 400 544 400 0
w 624 128 624 224 0
w 624 272 624 400 0
w 544 400 624 400 0
v 624 272 624 224 0 0 40 9 0 0 0.5
r 544 144 544 192 0 1000
350 288 160 288 240 0 10000 3605 -40 150 0.5693 Temperature
174 288 304 224 336 1 12000 0.9653 Resistance
w 256 400 256 336 0
