$ 1 0.000005 10.20027730826997 41 5 50 5e-11
v 112 272 112 192 0 0 40 12 0 0 0.5
w 112 192 112 80 0
w 112 272 112 400 0
w 112 400 240 400 0
w 240 192 240 288 0
w 240 400 240 368 0
w 352 80 352 160 0
w 288 320 352 320 0
w 240 400 448 400 0
f 288 320 240 320 32 1.5 0.02
w 240 288 240 304 0
w 240 336 240 368 0
r 352 160 352 240 0 1000
w 352 240 352 320 0
w 352 320 448 320 0
s 448 320 448 400 0 0 false
w 112 80 224 80 0
w 240 80 352 80 0
w 240 80 240 160 0
w 224 80 240 80 0
162 240 160 240 192 2 default-led 1 0 0 0.01
38 15 F1 2 1 1000 -1 Label
