$ 1 0.000015625 0.06872892787909722 68 5 50 5e-11
x 345 72 645 75 4 24 \sTwo\sTransistor\sSiren\sCircuit
x 357 98 664 101 4 15 http://sullystationtechnologies.com/bgsiren.html
x 357 121 800 124 4 10 This\scircuit\sis\san\sexample\sof\sa\srelaxation\soscillator\swhich\sproduces\sa\stone\sin\sthe\saudible\srange
r 288 208 368 208 0 22000
s 368 208 448 208 0 0 false
c 448 208 448 272 0 0.00009999999999999999 1.4961872223890649 0.001
r 448 208 544 208 0 33000
g 448 272 448 320 0 0
r 448 272 544 272 0 47000
w 544 208 544 272 0
c 544 272 544 368 0 1e-7 -3.4984718694130224 0.001
w 544 368 784 368 0
w 544 272 624 272 0
t 624 272 672 272 0 1 -8.24333371256578 -3.496666288949886 100 default
w 672 256 672 208 0
w 672 208 736 208 0
t 736 208 784 208 0 -1 4.744861843152758 -0.2533325763841061 100 default
w 784 224 784 368 0
r 784 368 880 368 0 8
g 880 368 880 416 0 0
g 672 288 672 320 0 0
R 288 208 288 160 0 0 40 5 0 0 0.5
R 784 192 784 144 0 0 40 5 0 0 0.5
