$ 1 0.000015625 2.008553692318767 76 5 50 5e-11
x 356 74 656 77 4 24 USB\sBattery\sCharger\sCircuit
x 357 98 767 101 4 15 https://www.circuits-diy.com/simple-usb-battery-charger-circuit/
x 357 121 431 124 4 10 NOT\sWORKING
w 352 176 352 256 0
w 352 304 352 384 0
d 352 176 448 176 2 default
209 448 176 448 384 0 0.00009999999999999999 4.497524354691732 0.001 1
w 448 176 528 176 0
r 528 176 528 272 0 1000
162 528 272 528 384 2 default-led 1 0 0 0.01
w 528 176 592 176 0
r 592 176 592 272 0 560
209 592 272 592 384 0 0.00009999999999999999 4.497524354826135 0.001 1
t 656 208 656 176 0 1 -2.198761823585321 -4.497523647170642 100 default
w 592 176 640 176 0
w 672 176 768 176 0
w 656 208 656 304 0
z 656 336 656 304 2 default-zener
w 656 336 656 384 0
w 768 176 768 256 0
w 768 304 768 384 0
w 352 384 448 384 0
w 448 384 528 384 0
w 528 384 592 384 0
w 592 384 656 384 0
w 656 384 768 384 0
v 352 304 352 256 0 0 40 5 0 0 0.5
p 768 256 768 304 3 0 0
x 261 283 331 286 4 14 USB\sINPUT
