$ 1 0.000015625 11.086722712598126 92 5 50 5e-11
x 356 74 656 77 4 24 USB\sBattery\sCharger\sCircuit
x 357 98 1009 101 4 15 https://electricalbasicschool.wordpress.com/2015/03/15/re-post-on-mobile-charger-with-lab-conncet/
x 357 121 431 124 4 10 NOT\sWORKING
w 352 240 352 176 0
w 352 176 416 176 0
w 416 176 560 176 0
r 416 176 416 288 0 560
w 416 288 496 288 0
c 416 288 416 368 0 0.00009999999999999999 4.9999039960095155 0.001
w 352 320 352 368 0
w 352 368 416 368 0
w 416 368 496 368 0
w 496 368 640 368 0
z 496 368 496 288 2 default-zener
t 496 208 560 208 0 1 -0.00009600399048448338 -0.0000950520163325308 100 default
w 496 208 496 288 0
w 560 176 560 192 0
d 560 224 640 224 2 default
p 640 224 640 368 3 0 0
v 352 320 352 240 0 0 40 5 0 0 0.5
