$ 1 0.000005 4.078577355933338 58 5 50 5e-11
162 304 -272 304 -352 2 default-led 1 0 0 0.01
r 304 -272 304 -208 0 470
r 208 -272 208 -208 0 470
162 208 -272 208 -352 2 default-led 1 0 0 0.01
162 112 -272 112 -352 2 default-led 1 0 0 0.01
r 112 -272 112 -208 0 470
w 64 -352 208 -352 0
w 208 -352 304 -352 0
w 16 -352 64 -352 0
w 16 -352 16 64 0
t 128 -112 128 -160 0 -1 2.464513394919406e-132 2.4401121375073414e-132 100 default
w 112 -208 112 -160 0
w 208 -208 208 -160 0
t 224 -112 224 -160 0 -1 4.606025700041643 -0.21872340561508263 100 default
w 384 -352 384 -304 0
r 224 -112 224 -48 0 1000
r 320 -112 320 -64 0 1000
t 320 -112 320 -160 0 -1 4.606025694491903 -0.21872340697998727 100 default
w 304 -208 304 -160 0
t 400 -96 400 -144 0 -1 4.606025920642939 -0.21872340682892855 100 default
r 400 -96 400 -48 0 1000
w 144 -160 288 -160 0
w 240 -160 336 -160 0
w 416 -144 432 -160 0
w 432 -160 528 -160 0
w 304 -352 384 -352 0
w 384 -352 528 -352 0
r 128 -112 128 -48 0 1000
w 128 -48 128 0 0
w 224 -48 224 -16 0
w 320 -64 320 -16 0
w 400 -48 400 0 0
R 528 -160 560 -160 0 0 40 5 0 0 0.5
g 528 -352 528 -320 0 0
w 336 -160 432 -160 0
s 128 0 128 64 0 1 false
s 224 -16 224 64 0 1 false
s 320 -16 320 64 0 1 false
s 400 0 400 64 0 1 false
w 16 64 80 64 0
w 80 64 224 64 0
w 224 64 320 64 0
w 320 64 400 64 0
w 384 -144 384 -224 0
162 384 -224 384 -304 2 default-led 1 0 0 0.01
