$ 1 0.000005 0.2954511527092107 55 5 50 5e-11
r 240 80 240 160 0 1000
162 240 160 240 240 2 default-led 1 0 0 0.01
r 176 96 176 192 0 1000
R 240 48 240 16 0 0 40 9 0 0 0.5
w 240 48 240 80 0
s 176 304 176 368 0 0 false
w 176 96 176 48 0
w 176 48 240 48 0
t 208 272 240 272 0 1 -8.990998131801614 0 100 default
w 240 240 240 256 0
w 240 288 240 368 0
w 176 368 240 368 0
g 240 368 240 416 0 0
w 320 176 320 160 0
w 240 160 320 160 0
w 240 240 320 240 0
w 176 192 176 272 0
w 176 272 208 272 0
w 176 272 176 304 0
162 320 176 320 240 2 default-led 1 0 0 0.01
