$ 1 5.0E-6 3.9121283998153213 50 5.0 43
w 384 144 464 144 0
s 464 192 464 256 0 0 false
r 464 368 464 304 0 211.0
162 464 256 464 304 1 2.1024259 1.0 0.0 0.0
162 528 256 528 304 1 2.1024259 1.0 0.0 0.0
r 528 368 528 304 0 265.0
s 528 192 528 256 0 0 false
162 592 256 592 304 1 2.1024259 1.0 0.0 0.0
r 592 368 592 304 0 320.0
s 592 192 592 256 0 0 false
w 464 144 528 144 0
w 528 144 592 144 0
w 464 368 528 368 0
w 528 368 592 368 0
w 464 368 384 368 0
v 384 368 384 144 0 0 40.0 5.0 0.0 0.0 0.5
w 464 176 464 192 2
w 464 176 464 144 1
w 592 176 592 144 1
w 592 176 592 192 2
w 528 176 528 144 1
w 528 176 528 192 2
