$ 1 5.0E-6 13.097415321081861 36 5.0 43
w 464 320 352 320 0
r 464 240 464 176 0 1.0
c 464 240 464 320 0 0.1 0.129076879619295
w 464 176 352 176 0
v 352 320 352 176 0 1 40.0 5.0 0.0 0.0 0.5
v 544 320 544 176 0 1 40.0 5.0 0.0 0.0 0.5
w 656 176 544 176 0
c 656 240 656 320 0 0.001 -2.649869666421321
r 656 240 656 176 0 1.0
w 656 320 544 320 0
x 345 109 793 114 0 20 Larger capacitors present a lower resistance,
x 379 135 726 140 0 20 but also take longer to "warm up".
o 2 64 0 290 0.546812681195753 2.7996809277222554 0 -1
o 2 64 0 33 0.15625 6.4 0 -1
o 7 64 0 34 5.0 0.8 1 -1
o 7 64 0 33 2.5 6.4 1 -1
