$ 1 5.0E-6 8.281975887399955 57 5.0 43
w 512 352 400 352 0
r 512 272 512 208 0 100.0
S 512 208 512 160 0 0 false 0
w 400 160 496 160 0
w 512 352 608 352 0
w 608 352 608 160 0
w 608 160 528 160 0
v 400 352 400 160 0 0 40.0 5.0 0.0 0.0 0.5
c 512 272 512 352 0 1.0E-4 4.999999763402303
x 397 91 482 97 0 24 Charge
x 183 114 488 119 0 20 Pushes electrons on one plate,
x 155 140 489 145 0 20 removes electrons from the other
x 587 93 705 99 0 24 Discharge
x 584 120 971 125 0 20 Lets electrons move from the full plate
x 585 145 763 150 0 20 to the empy plate
o 8 64 0 38 5.0 7.8125E-4 0 -1
o 8 64 0 37 2.5 0.0125 1 -1
