$ 1 5.0E-6 8.281975887399955 50 5.0 50
w 400 192 480 192 0
w 480 192 560 192 0
w 560 192 640 192 0
r 400 192 400 320 0 330.0
r 480 192 480 320 0 1020.0
r 560 192 560 320 0 1020.0
r 640 192 640 320 0 320.0
c 400 320 480 320 0 1.8E-5 2.0586560372890155
c 560 320 640 320 0 1.8E-5 -1.8308001000487624
w 640 320 640 384 0
t 560 400 640 400 0 1 0.6522088836459559 0.6702878984363695 100.0
w 480 320 560 400 0
w 560 320 480 400 0
t 480 400 400 400 0 1 -4.541665020983734 -1.8127210852583486 100.0
w 400 320 400 384 0
v 320 448 320 192 0 0 40.0 5.0 0.0 0.0 0.5
w 320 192 400 192 0
w 320 448 400 448 0
w 400 448 400 416 0
w 400 448 640 448 0
w 640 448 640 416 0
x 285 60 650 66 0 24 This is an example of a circuit.
x 289 99 630 104 0 20 You can see a battery powering it,
x 288 123 864 128 0 20 a network of components through which electricity flows,
x 286 149 791 154 0 20 and the actual current moving through the circuit.
x 101 282 211 288 0 24 A battery
129 224 288 288 320 0 10
x 720 320 961 326 0 24 Various components
129 720 288 672 256 0 10
129 704 320 624 320 0 10
129 720 336 656 400 0 10
x 46 411 267 417 0 24 Current (in yellow)
129 277 405 309 405 0 10
o 13 64 6 35 5.0 9.765625E-5 0 -1
o 10 64 6 35 5.0 9.765625E-5 1 -1
