$ 1 0.000005 10.20027730826997 62 5 50 5e-11
w 272 112 416 112 0
w 416 112 560 112 0
w 272 112 272 160 0
w 416 112 416 160 0
w 560 112 560 160 0
r 272 160 272 272 0 2200
r 560 160 560 224 0 680
t 240 320 272 320 0 1 0 0.6206733685653394 100 default
t 528 304 560 304 0 1 -8.14810531872151 0.6175409113436209 100 default
w 272 272 272 304 0
w 240 320 208 320 0
w 208 320 208 272 0
w 208 272 272 272 0
w 272 272 416 272 0
w 272 336 272 368 0
w 560 320 560 368 0
w 272 368 416 368 0
w 560 368 416 368 0
g 416 368 416 400 0 0
174 416 272 416 368 1 250 0.005 Resistance
w 528 304 528 320 0
w 432 320 528 320 0
162 560 224 560 288 2 default-led 1 0 0 0.01
R 416 160 416 208 0 0 40 12 0 0 0.5
